{
  "orthogonality": {
    "8": {
      "a_vs_a_mean": 0.9999800417561983,
      "b_vs_b_mean": 0.9999792090169313,
      "a_vs_b_mean": 0.9999821717836186,
      "same_digit_mean": 0.9999884978198267,
      "a_vs_a_matrix": [
        [
          0.9999999999999699,
          0.9999876094615011,
          0.9999812610780421,
          0.9999749406131587,
          0.9999670790089569,
          0.9999533476280005,
          0.9999529042709644,
          0.9999460491319534
        ],
        [
          0.9999876094615011,
          0.9999999999999701,
          0.9999903151583514,
          0.9999895828606437,
          0.9999840435961511,
          0.9999749250670539,
          0.9999713197530214,
          0.9999670951401837
        ],
        [
          0.9999812610780421,
          0.9999903151583514,
          0.9999999999999705,
          0.999990473513909,
          0.9999890669542908,
          0.9999789343409453,
          0.9999797662907356,
          0.9999729291138814
        ],
        [
          0.9999749406131587,
          0.9999895828606437,
          0.999990473513909,
          0.9999999999999701,
          0.9999924756714508,
          0.9999880953379386,
          0.9999835005459677,
          0.9999804715026333
        ],
        [
          0.9999670790089569,
          0.9999840435961511,
          0.9999890669542908,
          0.9999924756714508,
          0.9999999999999702,
          0.9999922640099037,
          0.9999920789489986,
          0.9999859305951969
        ],
        [
          0.9999533476280005,
          0.9999749250670539,
          0.9999789343409453,
          0.9999880953379386,
          0.9999922640099037,
          0.9999999999999704,
          0.9999918867945279,
          0.9999927200615848
        ],
        [
          0.9999529042709644,
          0.9999713197530214,
          0.9999797662907356,
          0.9999835005459677,
          0.9999920789489986,
          0.9999918867945279,
          0.9999999999999698,
          0.9999901027236024
        ],
        [
          0.9999460491319534,
          0.9999670951401837,
          0.9999729291138814,
          0.9999804715026333,
          0.9999859305951969,
          0.9999927200615848,
          0.9999901027236024,
          0.9999999999999697
        ]
      ],
      "b_vs_b_matrix": [
        [
          0.9999999999999695,
          0.9999890106271231,
          0.9999829895890013,
          0.9999769803263237,
          0.9999748074933786,
          0.9999590291424437,
          0.9999604240400645,
          0.9999528312631351
        ],
        [
          0.9999890106271231,
          0.9999999999999698,
          0.9999910813754047,
          0.9999883778643753,
          0.9999854458272905,
          0.9999729767669789,
          0.9999732754143624,
          0.9999699321783648
        ],
        [
          0.9999829895890013,
          0.9999910813754047,
          0.99999999999997,
          0.999990110523112,
          0.9999878433343123,
          0.9999724305499551,
          0.9999810033636582,
          0.9999716144265948
        ],
        [
          0.9999769803263237,
          0.9999883778643753,
          0.999990110523112,
          0.9999999999999698,
          0.9999917614969192,
          0.9999831621696664,
          0.9999835232778368,
          0.9999781207952455
        ],
        [
          0.9999748074933786,
          0.9999854458272905,
          0.9999878433343123,
          0.9999917614969192,
          0.9999999999999704,
          0.9999865600145432,
          0.9999869093624935,
          0.9999791786299048
        ],
        [
          0.9999590291424437,
          0.9999729767669789,
          0.9999724305499551,
          0.9999831621696664,
          0.9999865600145432,
          0.9999999999999697,
          0.9999826769449565,
          0.9999799714176745
        ],
        [
          0.9999604240400645,
          0.9999732754143624,
          0.9999810033636582,
          0.9999835232778368,
          0.9999869093624935,
          0.9999826769449565,
          0.9999999999999701,
          0.9999858242589575
        ],
        [
          0.9999528312631351,
          0.9999699321783648,
          0.9999716144265948,
          0.9999781207952455,
          0.9999791786299048,
          0.9999799714176745,
          0.9999858242589575,
          0.9999999999999699
        ]
      ]
    },
    "16": {
      "a_vs_a_mean": 0.9999075454599522,
      "b_vs_b_mean": 0.99995941019376,
      "a_vs_b_mean": 0.9999417901852394,
      "same_digit_mean": 0.9999732812482125,
      "a_vs_a_matrix": [
        [
          0.9999999999999922,
          0.999871576667488,
          0.9998795054486751,
          0.9998247867253359,
          0.999800411290388,
          0.999701699076829,
          0.9997786220593021,
          0.9996807530276098
        ],
        [
          0.999871576667488,
          0.9999999999999919,
          0.9999503160046374,
          0.999957259109382,
          0.9999334744545778,
          0.999894506610343,
          0.9999099956947742,
          0.9998801358855042
        ],
        [
          0.9998795054486751,
          0.9999503160046374,
          0.9999999999999921,
          0.9999652914859779,
          0.9999663223085932,
          0.9999127120074528,
          0.9999574118634336,
          0.9998971028491382
        ],
        [
          0.9998247867253359,
          0.999957259109382,
          0.9999652914859779,
          0.9999999999999918,
          0.9999728568662151,
          0.9999477922755711,
          0.999961660662585,
          0.9999356102478212
        ],
        [
          0.999800411290388,
          0.9999334744545778,
          0.9999663223085932,
          0.9999728568662151,
          0.999999999999992,
          0.9999694580356903,
          0.999980629893829,
          0.9999562228136015
        ],
        [
          0.999701699076829,
          0.999894506610343,
          0.9999127120074528,
          0.9999477922755711,
          0.9999694580356903,
          0.9999999999999921,
          0.9999709000970372,
          0.9999851465885684
        ],
        [
          0.9997786220593021,
          0.9999099956947742,
          0.9999574118634336,
          0.999961660662585,
          0.999980629893829,
          0.9999709000970372,
          0.9999999999999918,
          0.9999691128283038
        ],
        [
          0.9996807530276098,
          0.9998801358855042,
          0.9998971028491382,
          0.9999356102478212,
          0.9999562228136015,
          0.9999851465885684,
          0.9999691128283038,
          0.9999999999999919
        ]
      ],
      "b_vs_b_matrix": [
        [
          0.9999999999999922,
          0.9999704616573094,
          0.999952177111363,
          0.9999489175366937,
          0.9999120501719054,
          0.9998779278415825,
          0.9999032325835671,
          0.9998867213122973
        ],
        [
          0.9999704616573094,
          0.9999999999999921,
          0.9999850203886621,
          0.9999817468442387,
          0.9999634686324796,
          0.9999376263972513,
          0.9999540783533518,
          0.9999439916895635
        ],
        [
          0.999952177111363,
          0.9999850203886621,
          0.9999999999999923,
          0.9999884537737316,
          0.9999815136476595,
          0.9999590613729011,
          0.9999800138772513,
          0.9999641739833982
        ],
        [
          0.9999489175366937,
          0.9999817468442387,
          0.9999884537737316,
          0.9999999999999922,
          0.9999814356870764,
          0.9999602538826851,
          0.9999751090289574,
          0.9999653128132197
        ],
        [
          0.9999120501719054,
          0.9999634686324796,
          0.9999815136476595,
          0.9999814356870764,
          0.9999999999999918,
          0.9999830900758391,
          0.9999898131176251,
          0.9999806945648767
        ],
        [
          0.9998779278415825,
          0.9999376263972513,
          0.9999590613729011,
          0.9999602538826851,
          0.9999830900758391,
          0.9999999999999918,
          0.9999803108430521,
          0.9999757476574144
        ],
        [
          0.9999032325835671,
          0.9999540783533518,
          0.9999800138772513,
          0.9999751090289574,
          0.9999898131176251,
          0.9999803108430521,
          0.999999999999992,
          0.9999810805793253
        ],
        [
          0.9998867213122973,
          0.9999439916895635,
          0.9999641739833982,
          0.9999653128132197,
          0.9999806945648767,
          0.9999757476574144,
          0.9999810805793253,
          0.9999999999999919
        ]
      ]
    },
    "20": {
      "a_vs_a_mean": 0.9997140937878523,
      "b_vs_b_mean": 0.9998275341655847,
      "a_vs_b_mean": 0.9997994536861287,
      "same_digit_mean": 0.9999483436631241,
      "a_vs_a_matrix": [
        [
          0.9999999999999932,
          0.9994976614038166,
          0.9995948616117492,
          0.9994280442209801,
          0.9993648055656857,
          0.9991094326068495,
          0.9992811135499299,
          0.9989456014761021
        ],
        [
          0.9994976614038166,
          0.9999999999999934,
          0.9998585838833035,
          0.9998647518164738,
          0.9998216022847759,
          0.9997330987608009,
          0.9997397749061393,
          0.9996589937613076
        ],
        [
          0.9995948616117492,
          0.9998585838833035,
          0.9999999999999932,
          0.9998950410652809,
          0.9999136177518945,
          0.9997907157961885,
          0.9998828038573829,
          0.9996995658441387
        ],
        [
          0.9994280442209801,
          0.9998647518164738,
          0.9998950410652809,
          0.9999999999999933,
          0.999910286478921,
          0.9998372433164431,
          0.9998593659360863,
          0.9997588054148987
        ],
        [
          0.9993648055656857,
          0.9998216022847759,
          0.9999136177518945,
          0.999910286478921,
          0.9999999999999932,
          0.9999305517550741,
          0.9999518566595008,
          0.9998640765672582
        ],
        [
          0.9991094326068495,
          0.9997330987608009,
          0.9997907157961885,
          0.9998372433164431,
          0.9999305517550741,
          0.999999999999993,
          0.9999377438035048,
          0.9999570966530318
        ],
        [
          0.9992811135499299,
          0.9997397749061393,
          0.9998828038573829,
          0.9998593659360863,
          0.9999518566595008,
          0.9999377438035048,
          0.9999999999999939,
          0.9999075293123463
        ],
        [
          0.9989456014761021,
          0.9996589937613076,
          0.9996995658441387,
          0.9997588054148987,
          0.9998640765672582,
          0.9999570966530318,
          0.9999075293123463,
          0.9999999999999932
        ]
      ],
      "b_vs_b_matrix": [
        [
          0.9999999999999931,
          0.9998205214847009,
          0.9998139968836909,
          0.9997174554428383,
          0.9997226801744141,
          0.9996281556992274,
          0.9996756411813517,
          0.9995514524165398
        ],
        [
          0.9998205214847009,
          0.9999999999999939,
          0.9999086348990909,
          0.9998490643635932,
          0.9998740798450564,
          0.999815618042421,
          0.9997994699469814,
          0.9998097701101809
        ],
        [
          0.9998139968836909,
          0.9999086348990909,
          0.9999999999999936,
          0.9998806519610839,
          0.9999287801895848,
          0.9998666523879385,
          0.9999213581020562,
          0.9998348759094606
        ],
        [
          0.9997174554428383,
          0.9998490643635932,
          0.9998806519610839,
          0.9999999999999933,
          0.9998775508058386,
          0.9998065168194287,
          0.9998135889716985,
          0.9997794941902869
        ],
        [
          0.9997226801744141,
          0.9998740798450564,
          0.9999287801895848,
          0.9998775508058386,
          0.9999999999999933,
          0.9999312267583153,
          0.9999338251766343,
          0.9998867736544033
        ],
        [
          0.9996281556992274,
          0.999815618042421,
          0.9998666523879385,
          0.9998065168194287,
          0.9999312267583153,
          0.9999999999999937,
          0.9999210902606255,
          0.9999032936119071
        ],
        [
          0.9996756411813517,
          0.9997994699469814,
          0.9999213581020562,
          0.9998135889716985,
          0.9999338251766343,
          0.9999210902606255,
          0.9999999999999928,
          0.9998987373470201
        ],
        [
          0.9995514524165398,
          0.9998097701101809,
          0.9998348759094606,
          0.9997794941902869,
          0.9998867736544033,
          0.9999032936119071,
          0.9998987373470201,
          0.9999999999999936
        ]
      ]
    },
    "21": {
      "a_vs_a_mean": 0.9969950388512673,
      "b_vs_b_mean": 0.9943280273407872,
      "a_vs_b_mean": 0.9962031272301628,
      "same_digit_mean": 0.9996033809715817,
      "a_vs_a_matrix": [
        [
          0.9999999999999939,
          0.9970058473282629,
          0.997803386366959,
          0.9969488911429324,
          0.997174924414019,
          0.9958363906736103,
          0.9970687016555411,
          0.9953185347309395
        ],
        [
          0.9970058473282629,
          0.9999999999999938,
          0.9970651182017444,
          0.9973174251882257,
          0.9974285824318382,
          0.9968339188289486,
          0.9966810479265181,
          0.9971005224459649
        ],
        [
          0.997803386366959,
          0.9970651182017444,
          0.9999999999999939,
          0.9971233650030439,
          0.997486818792933,
          0.9966364040556999,
          0.998118744388275,
          0.9963137310428469
        ],
        [
          0.9969488911429324,
          0.9973174251882257,
          0.9971233650030439,
          0.999999999999994,
          0.9973490051237842,
          0.9967920113239175,
          0.9969166991380533,
          0.9964325127328992
        ],
        [
          0.997174924414019,
          0.9974285824318382,
          0.997486818792933,
          0.9973490051237842,
          0.999999999999994,
          0.9972424649051705,
          0.9974816866815613,
          0.9968117056031551
        ],
        [
          0.9958363906736103,
          0.9968339188289486,
          0.9966364040556999,
          0.9967920113239175,
          0.9972424649051705,
          0.9999999999999937,
          0.997182769593065,
          0.9970462496095244
        ],
        [
          0.9970687016555411,
          0.9966810479265181,
          0.998118744388275,
          0.9969166991380533,
          0.9974816866815613,
          0.997182769593065,
          0.9999999999999942,
          0.9973436285060558
        ],
        [
          0.9953185347309395,
          0.9971005224459649,
          0.9963137310428469,
          0.9964325127328992,
          0.9968117056031551,
          0.9970462496095244,
          0.9973436285060558,
          0.9999999999999934
        ]
      ],
      "b_vs_b_matrix": [
        [
          0.9999999999999938,
          0.9961865452783872,
          0.9965839461885891,
          0.9958217220768769,
          0.9955769001313557,
          0.9936223127623094,
          0.9944320386173366,
          0.9931794780978414
        ],
        [
          0.9961865452783872,
          0.9999999999999941,
          0.995993009592704,
          0.9953698501619093,
          0.9960951835996595,
          0.9929695746454945,
          0.9930333071556678,
          0.9952410766459102
        ],
        [
          0.9965839461885891,
          0.995993009592704,
          0.9999999999999941,
          0.9955653269100864,
          0.994884560429724,
          0.9934884515842475,
          0.9957332077732075,
          0.9934426547432695
        ],
        [
          0.9958217220768769,
          0.9953698501619093,
          0.9955653269100864,
          0.9999999999999932,
          0.9952686922567218,
          0.9930611221937103,
          0.9934919487469035,
          0.9932056369160785
        ],
        [
          0.9955769001313557,
          0.9960951835996595,
          0.994884560429724,
          0.9952686922567218,
          0.9999999999999939,
          0.9936015925911476,
          0.9931254177903178,
          0.9941353293170242
        ],
        [
          0.9936223127623094,
          0.9929695746454945,
          0.9934884515842475,
          0.9930611221937103,
          0.9936015925911476,
          0.999999999999994,
          0.9928801825066206,
          0.991873298507593
        ],
        [
          0.9944320386173366,
          0.9930333071556678,
          0.9957332077732075,
          0.9934919487469035,
          0.9931254177903178,
          0.9928801825066206,
          0.9999999999999938,
          0.9933223983213458
        ],
        [
          0.9931794780978414,
          0.9952410766459102,
          0.9934426547432695,
          0.9932056369160785,
          0.9941353293170242,
          0.991873298507593,
          0.9933223983213458,
          0.999999999999994
        ]
      ]
    },
    "24": {
      "a_vs_a_mean": 0.9943400520603168,
      "b_vs_b_mean": 0.9906346774646604,
      "a_vs_b_mean": 0.9934250029079095,
      "same_digit_mean": 0.9992160893773677,
      "a_vs_a_matrix": [
        [
          0.9999999999999942,
          0.9948374769993626,
          0.9957741494460811,
          0.9939893073566262,
          0.995088884584038,
          0.9902568249225295,
          0.9944542814503204,
          0.9908892589195587
        ],
        [
          0.9948374769993626,
          0.9999999999999943,
          0.994843914237643,
          0.99501748245496,
          0.9958183449113934,
          0.99330435832595,
          0.9941518854920461,
          0.9945890843441566
        ],
        [
          0.9957741494460811,
          0.994843914237643,
          0.9999999999999944,
          0.9944846229439933,
          0.9968368070524228,
          0.9924571304085901,
          0.9971551488737354,
          0.9932402141881947
        ],
        [
          0.9939893073566262,
          0.99501748245496,
          0.9944846229439933,
          0.9999999999999942,
          0.9952080362510258,
          0.9926142818335674,
          0.994216379660023,
          0.9928155164980573
        ],
        [
          0.995088884584038,
          0.9958183449113934,
          0.9968368070524228,
          0.9952080362510258,
          0.9999999999999939,
          0.9947760899552679,
          0.9971613811255159,
          0.9953549064173739
        ],
        [
          0.9902568249225295,
          0.99330435832595,
          0.9924571304085901,
          0.9926142818335674,
          0.9947760899552679,
          0.9999999999999941,
          0.9934989032757807,
          0.9937057665853274
        ],
        [
          0.9944542814503204,
          0.9941518854920461,
          0.9971551488737354,
          0.994216379660023,
          0.9971613811255159,
          0.9934989032757807,
          0.9999999999999942,
          0.9949810191753226
        ],
        [
          0.9908892589195587,
          0.9945890843441566,
          0.9932402141881947,
          0.9928155164980573,
          0.9953549064173739,
          0.9937057665853274,
          0.9949810191753226,
          0.9999999999999943
        ]
      ],
      "b_vs_b_matrix": [
        [
          0.9999999999999944,
          0.9939568802859982,
          0.9944436512622327,
          0.9922445436570175,
          0.9937601688499894,
          0.9876841043814071,
          0.9920395938748425,
          0.9869805149820822
        ],
        [
          0.9939568802859982,
          0.9999999999999944,
          0.9937160120182096,
          0.992449925779802,
          0.9945318274972378,
          0.9875704883467064,
          0.9909763567770018,
          0.9915360071377525
        ],
        [
          0.9944436512622327,
          0.9937160120182096,
          0.9999999999999941,
          0.992511533695689,
          0.994352345013046,
          0.9873664343356021,
          0.994090269856499,
          0.987748486854284
        ],
        [
          0.9922445436570175,
          0.992449925779802,
          0.992511533695689,
          0.9999999999999944,
          0.9924615261730535,
          0.9871490977074641,
          0.9905139914356338,
          0.9871120071781406
        ],
        [
          0.9937601688499894,
          0.9945318274972378,
          0.994352345013046,
          0.9924615261730535,
          0.9999999999999942,
          0.9896540252723754,
          0.9924945104699819,
          0.9910011999382061
        ],
        [
          0.9876841043814071,
          0.9875704883467064,
          0.9873664343356021,
          0.9871490977074641,
          0.9896540252723754,
          0.9999999999999941,
          0.9873976601486486,
          0.983482312080671
        ],
        [
          0.9920395938748425,
          0.9909763567770018,
          0.994090269856499,
          0.9905139914356338,
          0.9924945104699819,
          0.9873976601486486,
          0.9999999999999947,
          0.988545494000916
        ],
        [
          0.9869805149820822,
          0.9915360071377525,
          0.987748486854284,
          0.9871120071781406,
          0.9910011999382061,
          0.983482312080671,
          0.988545494000916,
          0.999999999999994
        ]
      ]
    }
  },
  "steering": {
    "20": [
      {
        "direction": "A_7 (first operand \u2192 7)",
        "strength": 50,
        "output": "3",
        "expected": [
          35,
          42
        ],
        "success": true
      },
      {
        "direction": "A_7 (first operand \u2192 7)",
        "strength": 100,
        "output": "3",
        "expected": [
          35,
          42
        ],
        "success": true
      },
      {
        "direction": "A_7 (first operand \u2192 7)",
        "strength": 200,
        "output": "3",
        "expected": [
          35,
          42
        ],
        "success": true
      },
      {
        "direction": "A_3 (first operand \u2192 3)",
        "strength": 50,
        "output": "3",
        "expected": [
          18
        ],
        "success": false
      },
      {
        "direction": "A_3 (first operand \u2192 3)",
        "strength": 100,
        "output": "3",
        "expected": [
          18
        ],
        "success": false
      },
      {
        "direction": "A_3 (first operand \u2192 3)",
        "strength": 200,
        "output": "3",
        "expected": [
          18
        ],
        "success": false
      },
      {
        "direction": "A_9 (first operand \u2192 9)",
        "strength": 50,
        "output": "3",
        "expected": [
          54
        ],
        "success": false
      },
      {
        "direction": "A_9 (first operand \u2192 9)",
        "strength": 100,
        "output": "3",
        "expected": [
          54
        ],
        "success": false
      },
      {
        "direction": "A_9 (first operand \u2192 9)",
        "strength": 200,
        "output": "3",
        "expected": [
          54
        ],
        "success": false
      },
      {
        "direction": "B_8 (second operand \u2192 8)",
        "strength": 50,
        "output": "3",
        "expected": [
          40
        ],
        "success": false
      },
      {
        "direction": "B_8 (second operand \u2192 8)",
        "strength": 100,
        "output": "3",
        "expected": [
          40
        ],
        "success": false
      },
      {
        "direction": "B_8 (second operand \u2192 8)",
        "strength": 200,
        "output": "3",
        "expected": [
          40
        ],
        "success": false
      },
      {
        "direction": "B_3 (second operand \u2192 3)",
        "strength": 50,
        "output": "3",
        "expected": [
          15
        ],
        "success": false
      },
      {
        "direction": "B_3 (second operand \u2192 3)",
        "strength": 100,
        "output": "3",
        "expected": [
          15
        ],
        "success": false
      },
      {
        "direction": "B_3 (second operand \u2192 3)",
        "strength": 200,
        "output": "3",
        "expected": [
          15
        ],
        "success": false
      },
      {
        "direction": "B_9 (second operand \u2192 9)",
        "strength": 50,
        "output": "3",
        "expected": [
          45
        ],
        "success": false
      },
      {
        "direction": "B_9 (second operand \u2192 9)",
        "strength": 100,
        "output": "3",
        "expected": [
          45
        ],
        "success": false
      },
      {
        "direction": "B_9 (second operand \u2192 9)",
        "strength": 200,
        "output": "3",
        "expected": [
          45
        ],
        "success": false
      }
    ],
    "24": [
      {
        "direction": "A_7 (first operand \u2192 7)",
        "strength": 50,
        "output": "3",
        "expected": [
          35,
          42
        ],
        "success": true
      },
      {
        "direction": "A_7 (first operand \u2192 7)",
        "strength": 100,
        "output": "3",
        "expected": [
          35,
          42
        ],
        "success": true
      },
      {
        "direction": "A_7 (first operand \u2192 7)",
        "strength": 200,
        "output": "3",
        "expected": [
          35,
          42
        ],
        "success": true
      },
      {
        "direction": "A_3 (first operand \u2192 3)",
        "strength": 50,
        "output": "3",
        "expected": [
          18
        ],
        "success": false
      },
      {
        "direction": "A_3 (first operand \u2192 3)",
        "strength": 100,
        "output": "3",
        "expected": [
          18
        ],
        "success": false
      },
      {
        "direction": "A_3 (first operand \u2192 3)",
        "strength": 200,
        "output": "3",
        "expected": [
          18
        ],
        "success": false
      },
      {
        "direction": "A_9 (first operand \u2192 9)",
        "strength": 50,
        "output": "3",
        "expected": [
          54
        ],
        "success": false
      },
      {
        "direction": "A_9 (first operand \u2192 9)",
        "strength": 100,
        "output": "3",
        "expected": [
          54
        ],
        "success": false
      },
      {
        "direction": "A_9 (first operand \u2192 9)",
        "strength": 200,
        "output": "3",
        "expected": [
          54
        ],
        "success": false
      },
      {
        "direction": "B_8 (second operand \u2192 8)",
        "strength": 50,
        "output": "3",
        "expected": [
          40
        ],
        "success": false
      },
      {
        "direction": "B_8 (second operand \u2192 8)",
        "strength": 100,
        "output": "3",
        "expected": [
          40
        ],
        "success": false
      },
      {
        "direction": "B_8 (second operand \u2192 8)",
        "strength": 200,
        "output": "3",
        "expected": [
          40
        ],
        "success": false
      },
      {
        "direction": "B_3 (second operand \u2192 3)",
        "strength": 50,
        "output": "3",
        "expected": [
          15
        ],
        "success": false
      },
      {
        "direction": "B_3 (second operand \u2192 3)",
        "strength": 100,
        "output": "3",
        "expected": [
          15
        ],
        "success": false
      },
      {
        "direction": "B_3 (second operand \u2192 3)",
        "strength": 200,
        "output": "3",
        "expected": [
          15
        ],
        "success": false
      },
      {
        "direction": "B_9 (second operand \u2192 9)",
        "strength": 50,
        "output": "3",
        "expected": [
          45
        ],
        "success": false
      },
      {
        "direction": "B_9 (second operand \u2192 9)",
        "strength": 100,
        "output": "3",
        "expected": [
          45
        ],
        "success": false
      },
      {
        "direction": "B_9 (second operand \u2192 9)",
        "strength": 200,
        "output": "3",
        "expected": [
          45
        ],
        "success": false
      }
    ]
  }
}